0.000185
0.621317
0.975898
1.109556
1.195026
1.010380
1.047423
1.178120
0.908909
0.903300
1.004881
0.781839
0.411120
-0.126664
-0.305602
-0.345023
-0.605106
-0.290724
-0.309104
-0.125662
-0.292966
-0.297599
-0.770400
-0.813766
-0.975866
-1.027541
-1.287673
-0.901404
-0.806652
-0.834628
-1.141007
-0.946144
-0.800331
-0.351141
0.487879
0.769991
1.313661
1.656490
1.418013
1.323615
1.155141
0.995793
0.720192
0.854579
0.924673
0.241647
0.231137
-0.301576
-0.770292
-0.556790
-0.714025
-0.816265
-0.384116
-0.146341
-0.258756
-0.284643
-0.634390
-0.729468
-0.697334
-0.953693
-0.667117
-0.608910
-0.435513
-0.638198
-0.586895
-0.502303
-0.151533
0.261586
0.401042
0.999860
1.605847
1.375546
1.535722
1.357764
1.276720
0.951487
0.636496
0.507521
0.363280
0.361135
-0.314011
-0.725771
-0.990885
-1.249043
-1.221839
-1.132679
-0.662699
-0.476955
-0.132182
-0.266704
-0.519998
-0.553488
-0.735126
-0.419620
-0.378622
-0.087918
-0.247187
0.012273
-0.340540
-0.403203
-0.019306
0.192713
0.788037
1.555316
1.430190
1.578449
1.581125
1.328767
0.872166
0.554514
0.466180
0.275526
-0.134261
-0.252099
-0.597482
-1.168369
-1.313272
-1.645346
-1.299697
-1.138421
-0.774254
-0.530744
-0.252985
-0.495013
-0.437753
-0.295494
-0.664744
-0.089619
-0.261914
0.330121
0.218635
0.466769
0.287684
-0.035174
0.422566
0.658346
0.777779
1.126246
1.421527
1.370379
1.517036
0.928763
0.595096
0.121227
-0.114701
-0.389199
-0.172250
-0.608517
-0.753738
-1.252817
-1.654475
-1.721044
-1.638984
-1.217409
-0.819719
-0.372690
-0.233152
-0.023123
0.335418
-0.060956
-0.104561
0.226025
0.588903
0.359336
0.652867
0.558937
0.252224
0.474907
0.303585
0.421134
0.548124
1.033787
1.111351
1.209492
0.877534
0.497804
0.450138
-0.208671
-0.357057
-0.567876
-0.751750
-0.924270
-0.993655
-1.417637
-1.627914
-1.671076
-1.332335
-1.016980
-0.542181
-0.174338
0.079052
0.615303
0.644967
0.439013
0.535886
0.656630
0.822266
0.990552
0.844769
1.056801
0.437423
0.516338
0.304529
0.363887
0.677145
0.859038
0.656588
0.603552
0.796605
0.167228
-0.104090
-0.347760
-0.967419
-1.159655
-0.865056
-0.979568
-1.175441
-1.334590
-1.634631
-1.750856
-1.343537
-1.036877
-0.575267
0.305668
0.644344
0.935460
0.763092
0.752916
0.649520
0.687604
0.939471
0.882055
1.052789
0.905419
0.884057
0.053417
0.149891
-0.081192
0.021816
0.004602
0.334445
0.560798
0.288843
-0.000748
-0.438915
-0.555120
-0.934625
-1.326434
-1.086551
-1.272407
-1.526117
-1.238644
-1.063192
-1.236077
-1.192900
-0.717611
0.169592
0.600150
1.024218
1.235125
1.268986
1.279938
1.121286
1.009443
0.826310
1.073038
0.828767
0.892383
0.204650
-0.007737
-0.302318
-0.648015
-0.145178
-0.003020
-0.093458
0.183527
0.040096
-0.654370
-0.542723
-0.863658
-0.986896
-1.161032
-0.950561
-0.847339
-0.621162
-0.801460
-0.912320
-0.645135
-0.736841
-0.288230
0.056231
1.126487
1.463189
1.661359
1.605888
1.356892
1.170894
0.948425
0.873411
0.851304
0.947624
0.557072
0.093460
-0.406388
-0.769322
-0.616447
-0.752361
-0.626239
-0.447221
-0.399202
-0.240468
-0.256031
-0.683293
-0.863642
-0.946267
-0.835905
-0.936540
-0.574723
-0.582763
-0.327431
-0.615590
-0.386317
-0.057682
0.042763
0.509335
1.147772
1.508507
1.525366
1.674336
1.674685
1.049451
0.817645
0.528838
0.610670
0.213763
-0.033434
-0.057858
-0.816037
-0.881570
-1.002274
-1.153347
-0.882560
-0.368133
-0.439927
-0.396052
-0.567652
-0.510121
-0.431873
-0.540206
-0.718753
-0.506118
-0.251051
-0.009713
-0.070526
-0.055141
-0.053393
-0.018450
0.321676
0.794418
1.206007
1.630477
1.952672
1.639110
1.263187
0.645709
0.643597
0.068809
-0.013815
0.148986
-0.134287
-0.625266
-1.266698
-1.407950
-1.618463
-1.349981
-0.828674
-0.755110
-0.558986
-0.410776
-0.203765
-0.294560
-0.522648
-0.328006
-0.389248
0.166816
0.376008
0.508172
0.278813
0.345220
0.175540
0.176872
0.391218
0.592693
0.950754
1.564655
1.487967
1.384712
1.160453
0.342805
0.122602
0.005510
-0.138726
-0.417372
-0.431027
-0.867067
-1.436823
-1.689929
-1.551220
-1.485374
-1.503462
-0.561272
-0.237998
0.175135
0.040349
0.042953
-0.129239
0.434093
0.149108
0.615942
0.480345
0.708722
0.403042
0.458947
0.512231
0.119340
0.571252
0.711556
0.808976
1.117006
1.162068
1.036346
0.599798
0.125715
-0.178294
-0.554842
-0.756236
-0.692805
-0.715645
-1.317573
-1.371831
-1.702691
-1.820981
-1.380796
-1.196782
-0.374826
-0.206778
0.344323
0.438781
0.386897
0.548270
0.431356
0.629895
0.690495
0.689472
0.897802
0.837349
0.768182
0.251139
0.224539
-0.025437
0.493017
0.474149
0.557410
0.847970
0.839925
0.090812
-0.265435
-0.585210
-0.890274
-0.786244
-1.025056
-1.094453
-1.051075
-1.453697
-1.440636
-1.669539
-1.500360
-1.166438
-0.049564
0.181777
0.690143
0.869823
0.935481
0.859078
1.085609
0.664761
0.676540
0.847707
0.799172
0.966500
0.703340
0.118138
-0.191860
-0.120989
0.232589
-0.200854
0.482468
0.287955
0.457269
-0.174594
-0.438120
-0.954248
-1.077993
-0.788495
-0.859653
-1.037338
-1.168927
-1.443198
-1.322275
-1.247780
-1.029626
-0.590574
-0.168271
0.566564
1.011217
1.436729
1.543236
1.138578
0.923455
0.967340
0.891597
0.885006
0.922607
0.571810
0.486224
-0.002681
-0.263713
-0.476760
-0.512562
-0.364275
-0.059512
-0.014545
0.018380
-0.263001
-0.784629
-0.844388
-1.200808
-1.091973
-0.954312
-1.131891
-0.785650
-0.828977
-0.935190
-0.938128
-0.709594
-0.376297
0.288289
0.808229
1.332292
1.343211
1.540892
1.361853
1.117337
0.920345
0.986802
0.593468
0.789917
0.510174
0.144736
-0.261983
-0.772118
-0.895772
-0.732805
-0.571776
-0.364286
-0.459992
-0.149756
-0.211659
-0.472962
-0.794474
-1.146764
-0.710962
-0.719676
-0.919292
-0.398022
-0.683945
-0.694466
-0.568118
-0.095459
0.034176
0.640220
1.381252
1.747916
1.658906
1.568970
1.183227
0.983999
0.911880
0.744938
0.579343
0.550029
0.016750
-0.258219
-0.570533
-0.956152
-1.070286
-1.132693
-1.011979
-0.606642
-0.560807
-0.553020
-0.277567
-0.524648
-0.607483
-0.938798
-0.632206
-0.467791
-0.305057
-0.391806
-0.089960
0.047286
-0.040754
-0.063776
0.325471
0.876949
0.804540
1.536268
1.753521
1.652633
1.509925
1.068883
0.632288
0.406107
0.315582
-0.060109
-0.246250
-0.466839
-0.716580
-1.376138
-1.523912
-1.415735
-0.965853
-0.792197
-0.221686
-0.380192
-0.223256
-0.297766
-0.231944
-0.188670
-0.443027
-0.137268
0.267138
0.246655
0.121556
0.423814
0.269446
0.309170
0.370773
0.941991
1.131339
1.609973
1.379902
1.224128
1.040896
0.497425
0.341540
0.018223
-0.335986
-0.349881
-0.638095
-0.761252
-1.349698
-1.616190
-1.490355
-1.219160
-0.918751
-0.753945
-0.294874
0.203653
0.079238
-0.059143
0.057261
0.121281
0.051053
0.130877
0.361930
0.783960
0.539988
0.495175
0.396551
0.399972
0.360183
0.735778
0.832060
1.137989
1.077265
1.213539
0.676157
0.138912
-0.185461
-0.434068
-0.457729
-0.924923
-1.003657
-1.144884
-0.992511
-1.461846
-1.691127
-1.402011
-0.810441
-0.634633
-0.144764
0.468139
0.547000
0.600700
0.383886
0.743234
0.795852
0.782480
0.954988
0.609023
0.925212
0.595296
0.452165
0.332808
0.181651
0.141721
0.691553
0.717157
0.807323
0.583395
0.268243
-0.448658
-0.291177
-0.682847
-0.676448
-0.606974
-0.982837
-1.408936
-1.474453
-1.686589
-1.599113
-1.306592
-1.191449
-0.277373
0.003262
0.698158
0.858057
0.864442
0.840668
0.718410
0.728729
0.657746
0.995057
1.276209
1.151530
0.778556
0.368206
-0.084767
0.148643
0.015501
0.211750
0.359790
0.463113
0.235932
-0.025473
-0.557998
-0.784355
-0.589321
-1.006810
-1.018539
-0.897231
-0.932183
-1.326192
-1.294300
-1.105403
-0.976543
-0.558212
0.233103
0.474840
1.029430
1.165136
1.486772
0.866348
0.937880
0.897714
1.082271
1.087313
1.140684
0.492201
0.507879
-0.031086
-0.401058
-0.368383
-0.541495
-0.533618
-0.079453
-0.156896
-0.114043
-0.206603
-0.533483
-0.616421
-1.029327
-1.229501
-1.023574
-0.958508
-0.982050
-0.786319
-1.008271
-1.171086
-0.549015
-0.246530
0.382270
0.906979
1.413287
1.529535
1.690984
1.404117
1.197381
1.047706
0.685455
0.818463
0.681952
0.504851
-0.101575
-0.074362
-0.658414
-1.038550
-1.084697
-0.678565
-0.408745
-0.340588
-0.216622
-0.483256
-0.541664
-0.938237
-0.918887
-0.705518
-0.311838
-0.690560
-0.524280
-0.586094
-0.382351
-0.645089
-0.359001
0.085362
0.452769
0.975458
1.437468
1.359343
1.388376
1.310402
1.110402
0.820212
0.419483
0.493239
0.520575
0.215985
-0.261620
-0.813325
-0.949091
-1.317767
-1.367633
-1.085897
-0.443719
-0.377391
-0.133214
-0.436568
-0.375654
-0.743970
-0.707760
-0.204487
-0.262740
-0.250601
-0.066276
0.009204
0.094259
-0.171274
-0.234832
0.285756
0.765737
1.235033
1.752452
1.719544
1.672252
1.089648
1.028812
0.899837
0.476747
0.235573
0.043889
0.027849
-0.741852
-1.026862
-1.283217
-1.405052
-1.511106
-1.121235
-0.829338
-0.424019
-0.255007
-0.366590
-0.271209
-0.218348
-0.490512
-0.252774
0.099717
0.056131
0.372855
0.190901
0.438236
0.542274
0.538532
0.409213
0.898680
1.185483
1.460823
1.748816
1.154371
1.168491
0.595429
0.451503
0.007295
-0.298441
-0.319239
-0.475009
-0.893262
-1.181610
-1.628565
-1.992123
-1.419945
-1.113728
-0.741202
-0.317440
0.129078
0.029338
-0.018671
0.011447
0.231918
-0.032641
0.556587
0.481551
0.519034
0.842754
0.501843
0.169633
0.253291
0.550076
0.839782
0.901504
1.253194
1.338040
0.947079
0.733475
0.245026
-0.213009
-0.474631
-0.552752
-0.681100
-0.932900
-1.152059
-1.205357
-1.573124
-1.541645
-1.328538
-1.030730
-0.258938
-0.213598
0.407609
0.425152
0.778367
0.715185
0.161472
0.394084
0.797235
0.970824
1.023597
0.818925
0.692681
0.485033
0.218758
0.386940
0.056369
0.731441
0.673256
1.000654
0.639769
0.186161
-0.046144
-0.610419
-0.857764
-1.078252
-0.907957
-0.911703
-0.985117
-1.361629
-1.348375
-1.521138
-1.332532
-0.805086
-0.169986
0.178601
0.616989
0.850356
0.923902
0.716563
0.953577
0.760539
0.979526
0.875680
1.053199
0.913195
0.517181
0.565469
0.072361
0.198770
0.167791
0.122740
0.346146
0.514734
0.310390
-0.005487
-0.438238
-0.999577
-0.965219
-1.329090
-0.926967
-1.085996
-1.145714
-1.192022
-1.222325
-1.457946
-1.279309
-0.736415
